50 30
525
F 22 26 3
F 24 26 3
F 20 27 3
F 18 25 3
F 17 23 3
F 19 24 3
F 21 27 3
F 25 28 3
F 21 29 3
F 23 28 3
F 22 29 3
F 23 26 3
F 21 25 3
F 19 26 3
F 22 27 3
F 20 28 3
F 24 29 3
F 25 27 3
F 20 25 3
F 23 27 3
F 19 28 3
F 24 28 3
F 21 26 3
F 25 26 3
F 19 27 3
F 18 27 3
F 21 28 3
F 19 29 3
F 23 29 3
F 22 28 3
F 25 29 3
F 24 27 3
F 18 28 3
F 24 25 3
F 26 28 3
F 23 25 3
F 18 26 3
F 20 29 3
F 20 26 3
F 25 25 3
F 18 29 3
F 26 29 3
F 17 28 3
W 2 27 9
W 7 26 9
W 8 17 9
W 28 7 9
W 7 25 9
W 7 27 9
W 8 25 9
W 1 28 9
W 8 21 9
W 1 21 9
W 5 23 9
W 14 29 9
W 9 26 9
W 4 29 9
W 10 25 9
W 3 26 9
W 8 28 9
W 4 24 9
W 6 29 9
W 6 23 9
W 5 25 9
W 12 27 9
W 5 28 9
W 11 27 9
W 9 23 9
W 9 25 9
W 8 29 9
W 8 27 9
W 6 25 9
W 6 27 9
W 8 26 9
W 11 24 9
W 7 22 9
W 7 28 9
W 10 26 9
W 16 25 9
W 7 29 9
W 9 24 9
W 5 26 9
W 9 28 9
W 6 21 9
W 4 23 9
W 10 24 9
W 9 29 9
W 14 24 9
W 4 22 9
W 3 24 9
W 12 25 9
W 6 26 9
W 11 23 9
W 10 29 9
W 3 29 9
W 9 27 9
W 5 29 9
W 5 22 9
W 10 22 9
W 14 27 9
W 12 21 9
W 11 29 9
W 4 25 9
W 7 24 9
W 8 24 9
W 6 24 9
W 11 26 9
W 11 28 9
W 9 22 9
W 10 27 9
W 4 27 9
W 10 28 9
W 1 24 9
W 13 28 9
W 13 24 9
W 11 19 9
W 12 29 9
W 2 24 9
W 7 23 9
W 5 24 9
W 8 23 9
W 7 20 9
W 18 24 9
W 4 20 9
W 2 26 9
W 12 22 9
W 2 29 9
W 5 20 9
W 17 27 9
W 12 18 9
W 11 25 9
W 12 28 9
W 8 22 9
W 5 27 9
W 9 21 9
W 2 21 9
W 13 27 9
W 6 28 9
W 4 26 9
W 3 23 9
W 13 25 9
W 12 23 9
W 15 27 9
W 13 20 9
W 13 29 9
W 14 23 9
W 11 20 9
W 3 25 9
W 13 26 9
W 10 23 9
W 7 21 9
W 15 25 9
W 3 22 9
W 4 21 9
W 11 21 9
W 16 26 9
W 3 27 9
W 14 28 9
W 16 24 9
W 4 19 9
W 1 29 9
W 16 28 9
W 12 20 9
W 9 20 9
W 11 22 9
W 8 20 9
W 2 23 9
W 15 29 9
W 6 20 9
W 15 24 9
W 13 22 9
W 3 20 9
W 1 25 9
W 14 21 9
W 10 20 9
W 16 27 9
W 2 19 12
W 9 19 9
W 4 28 9
W 17 24 9
W 13 21 9
W 10 18 9
W 5 19 9
W 17 26 9
W 14 25 9
W 14 20 9
W 15 22 9
W 15 26 9
W 1 22 9
W 3 28 9
W 0 28 9
W 12 19 9
W 8 19 9
W 0 23 9
W 15 28 9
W 10 19 9
W 9 18 9
W 2 28 9
W 12 26 9
W 6 22 9
W 14 26 9
W 2 25 9
W 7 19 9
W 13 18 9
W 10 21 9
W 13 19 9
W 16 23 9
W 4 18 9
W 16 29 9
W 6 19 9
W 13 23 9
W 17 25 9
W 15 20 9
W 8 18 9
W 9 17 9
H 30 0 11 10
A 12 22 10
A 39 21 4
A 10 14 4
S 5 2 4
S 7 4 4
S 0 8 4
S 25 4 4
S 3 10 4
S 4 10 4
S 7 8 4
S 8 9 4
S 7 11 4
S 7 5 4
S 4 8 4
S 7 12 4
S 5 9 4
S 4 7 4
S 6 7 4
S 6 5 4
S 5 11 4
S 6 8 4
S 4 9 4
S 5 7 4
S 4 12 4
S 4 6 4
S 7 9 4
S 9 7 4
S 3 8 4
S 5 8 4
S 3 7 4
S 6 9 4
S 3 9 4
S 5 6 4
S 3 11 4
S 3 5 4
S 5 10 4
S 7 7 4
S 8 11 4
S 6 6 4
S 6 4 4
S 5 12 4
S 2 6 4
S 7 10 4
S 2 8 4
S 2 7 4
S 6 10 4
S 2 10 4
S 2 11 4
S 3 4 4
S 6 11 4
S 5 5 4
S 3 12 4
S 7 6 4
S 8 10 4
S 1 8 4
S 1 7 4
S 1 11 4
T 24 17 2
T 2 13 2
T 28 16 2
T 37 14 2
T 9 10 2
T 17 2 5
b 13 6 99
b 42 24 99
b 43 11 99
b 33 10 99
b 33 14 99
s 48 12 10
s 48 0 10
s 38 16 10
s 42 5 10
s 35 23 10
s 16 12 10
o 49 27 0
o 17 8 0
o 42 29 0
o 7 13 0
o 46 20 0
u 38 19 0
u 27 5 0
u 27 12 0
u 44 28 0
g 38 8 0
g 37 9 0
g 39 18 0
g 22 14 0
b 33 3 99
b 43 12 99
o 48 27 0
u 39 19 0
o 49 28 0
o 47 27 0
b 43 10 99
s 34 23 10
o 47 28 0
b 36 11 99
s 48 13 10
s 16 13 10
o 49 26 0
o 46 28 0
u 0 19 0
u 37 19 0
o 22 25 0
o 47 20 0
u 37 20 0
b 42 25 99
b 33 5 99
s 47 12 10
o 49 25 0
u 1 19 0
g 38 7 0
o 49 29 0
g 39 17 0
o 47 26 0
s 48 14 10
o 0 25 0
o 22 24 0
u 38 20 0
o 49 24 0
b 44 11 99
o 23 24 0
o 0 26 0
o 7 14 0
u 36 19 0
o 16 8 0
o 42 28 0
o 46 27 0
o 45 28 0
o 48 25 0
s 47 0 10
o 48 28 0
o 1 26 0
o 7 15 0
u 36 20 0
u 37 21 0
o 47 25 0
o 49 23 0
o 45 20 0
u 26 12 0
g 28 10 0
o 0 27 0
o 15 8 0
o 46 26 0
o 6 13 0
s 33 23 10
o 48 26 0
o 47 21 0
s 46 12 10
o 48 29 0
o 46 21 0
u 27 4 0
o 42 27 0
o 44 20 0
s 36 23 10
o 46 19 0
u 27 6 0
o 1 27 0
o 47 29 0
s 16 14 10
o 6 15 0
u 25 12 0
g 29 10 0
o 26 25 0
s 41 5 10
s 35 22 10
u 16 4 0
u 37 18 0
o 23 23 0
o 8 15 0
o 47 24 0
o 48 23 0
o 47 19 0
u 25 13 0
o 25 23 0
b 42 12 99
o 48 24 0
o 21 23 0
o 7 16 0
o 42 26 0
o 26 24 0
o 47 23 0
o 18 8 0
o 8 13 0
g 38 17 0
o 49 22 0
o 46 25 0
b 41 12 99
o 41 26 0
u 18 4 0
b 36 10 99
o 46 29 0
o 22 23 0
o 16 7 0
o 45 21 0
o 45 19 0
o 6 14 0
o 46 24 0
o 25 22 0
o 40 26 0
o 24 23 0
s 15 14 10
s 34 22 10
u 35 19 0
o 44 19 0
o 45 29 0
o 16 9 0
o 41 28 0
o 47 22 0
o 27 25 0
s 41 6 10
o 5 14 0
u 35 18 0
g 21 14 0
o 14 8 0
o 9 15 0
o 43 26 0
o 49 21 0
o 45 25 0
o 45 22 0
o 25 21 0
o 41 29 0
g 38 6 0
u 38 21 0
u 35 20 0
o 48 21 0
o 43 20 0
s 36 22 10
o 48 22 0
b 37 10 99
b 32 14 99
u 26 5 0
s 17 13 10
u 24 13 0
o 20 23 0
o 41 25 0
o 41 27 0
o 22 22 0
o 10 15 0
o 43 21 0
s 35 24 10
g 22 13 0
b 34 3 99
u 1 20 0
o 26 26 0
o 9 13 0
o 44 18 0
o 40 28 0
o 4 14 0
o 0 22 0
o 43 27 0
o 45 26 0
o 40 27 0
b 34 14 99
s 38 15 10
o 43 29 0
s 47 13 10
o 48 20 0
o 45 27 0
s 47 1 10
o 23 22 0
u 26 13 0
o 21 22 0
o 39 26 0
o 40 25 0
o 43 19 0
o 44 22 0
u 34 20 0
u 26 4 0
s 18 13 10
g 37 7 0
o 6 12 0
o 5 13 0
o 44 21 0
o 46 23 0
o 19 8 0
o 45 24 0
b 37 11 99
b 31 14 99
o 26 27 0
o 44 27 0
o 43 22 0
s 48 1 10
u 28 5 0
u 0 20 0
b 43 25 99
g 40 17 0
o 18 7 0
o 45 18 0
b 41 24 99
u 44 29 0
s 33 24 10
o 46 18 0
u 37 17 0
o 26 23 0
o 25 24 0
o 24 22 0
o 16 10 0
o 28 25 0
u 35 17 0
o 9 14 0
o 46 22 0
o 25 20 0
o 20 24 0
s 34 24 10
o 43 28 0
o 45 23 0
o 27 27 0
u 0 21 0
